2.0
2.0
2.0
2.0
2.0
2.0
2.0
2.0
2.0
2.0
-9.9449
-9.9449
-9.9449
-9.9449
-9.9449
-9.9449
-9.9449
-9.9449
-9.9449
-9.9449
-9.9449
-9.9449
-9.9449
-9.9449
-9.9449
-9.9449
-9.9449
-9.9449
-9.9449
-9.9449
-9.9449
-9.9449
-9.9449
-9.9449
-9.9449
-9.9449
-9.9449
-9.9449
-9.9449
-9.9449
-9.9449
-9.9449
-9.9449
-9.9449
-9.9449
-9.9449
-9.9449
-9.9449
-9.9449
-9.9449
-9.9449
-9.9449
-9.9449
-9.9449
-9.9449
-9.9449
-9.9449
-9.9449
-9.9449
-9.9449
-9.9449
-9.9449
-9.9449
-9.9449
-9.9449
-9.9449
-9.9449
-9.9449
-9.9449
-9.9449
-9.9449
-9.9449
-9.9449
-9.9449
-9.9449
-9.9449
-9.9449
-9.9449
-9.9449
-9.9449
-9.9449
-9.9449
-9.9449
-9.9449
-9.9449
-9.9449
-9.9449
-9.9449
-9.9449
-9.9449
-9.9449
-9.9449
-9.9449
-9.9449
-9.9449
3.4288
3.4288
3.4288
3.4288
3.4288
3.4288
3.4288
3.4288
3.4288
3.4288
3.4288
3.4288
3.4288
3.4288
3.4288
3.4288
3.4288
3.4288
3.4288
3.4288
3.4288
3.4288
3.4288
3.4288
3.4288
3.4865
3.4865
3.4865
3.4865
3.4865
3.4865
3.4865
3.4865
3.4865
3.4865
3.4865
3.4865
3.4865
3.4865
3.4865
3.4865
3.4865
3.4865
3.4865
3.4865
3.4865
3.4865
3.4865
3.4865
3.4865
3.4865
3.4865
3.4865
3.4865
3.4865
3.4865
3.4865
3.4865
3.4865
3.4865
3.4865
3.4865
3.4865
3.4865
3.4865
3.4865
3.4865
3.4865
3.4865
3.4865
2.5411
2.5411
2.5411
2.5411
2.5411
2.5411
2.5411
2.5411
2.5411
2.5411
2.5411
2.5411
2.5411
2.5411
2.5411
2.5411
2.5411
2.5411
2.5411
2.5411
2.5411
2.5411
2.5411
2.5411
2.5411
2.5411
2.5411
2.5411
2.5411
2.5411
2.5411
2.5411
2.5411
2.5411
2.5411
2.5411
