1.2402e-14
0.0016942
0.0034058
0.0051352
0.0068826
0.0086482
0.010432
0.012235
0.014057
0.015897
0.017757
0.019636
0.021535
0.023454
0.025392
0.02735
0.029329
0.031328
0.033347
0.035386
0.037446
0.039525
0.041625
0.043746
0.045887
0.048047
0.050228
0.052429
0.05465
0.05689
0.059149
0.061428
0.063725
0.066041
0.068375
0.070726
0.073095
0.075482
0.077884
0.080303
0.082737
0.085187
0.087651
0.090129
0.09262
0.095124
0.09764
0.10017
0.10271
0.10526
0.10782
0.11038
0.11296
0.11555
0.11814
0.12074
0.12334
0.12596
0.12857
0.13119
0.13382
0.13645
0.13908
0.14172
0.14435
0.14699
0.14962
0.15226
0.1549
0.15754
0.16018
0.16282
0.16546
0.1681
0.17075
0.17339
0.17604
0.17869
0.18133
0.18398
0.18664
0.18929
0.19195
0.19461
0.19728
0.19994
0.20262
0.2053
0.20798
0.21067
0.21337
0.21608
0.2188
0.22152
0.22426
0.22701
0.22977
0.23254
0.23533
0.23813
0.24095
0.24379
0.24664
0.24951
0.2524
0.25531
0.25824
0.2612
0.26417
0.26718
0.27023
0.27338
0.27657
0.2798
0.28305
0.28634
0.28965
0.293
0.29638
0.29981
0.30327
0.30677
0.31032
0.31391
0.31755
0.32124
0.32498
0.32877
0.33263
0.33654
0.34051
0.34455
0.34865
0.35283
0.35707
0.36139
0.36579
0.37027
0.37483
0.37947
0.38421
0.38903
0.39395
0.39897
0.40409
0.40931
0.41465
0.42009
0.42565
0.43132
0.43712
0.44304
0.44909
0.45528
0.46159
0.46805
0.47465
0.4814
0.4883
0.49536
0.50257
0.50995
0.51749
0.5252
0.53309
0.54115
0.54939
0.55782
0.56644
0.57525
0.58426
0.59347
0.60288
0.61249
0.62232
0.63236
0.64262
0.65309
0.66379
0.67471
0.68586
0.69725
0.70886
0.72072
0.73281
0.74514
0.75771
0.77053
0.78359
0.7969
0.81047
0.82428
0.83834
0.85266
0.86723
0.88351
0.90421
0.92811
0.95204
0.976
1
